184 3.26458 3.26458 0 0 6.05 6.05 0 0 126849
43611 6.34304 3.07846 0 0 6.06667 6.06667 0 0 1
48119 8.99236 2.64932 0 0 6.1 6.1 0 0 2
227 11.672 2.6796 0 0 6.1 6.1 0 0 0
607 14.2802 2.60823 0 0 6.11667 6.11667 0 0 1
51906 16.808 2.52785 0 0 6.18333 6.18333 0 0 2
1264 19.3131 2.5051 0 0 6.21667 6.21667 0 0 1
2328 21.5833 2.27016 0 0 6.25 6.25 0 0 1
48135 23.8203 2.23696 0 0 6.3 6.3 0 0 1
41806 25.967 2.14672 0 0 6.33333 6.33333 0 0 1
2825 28.0717 2.10468 0 0 6.38333 6.38333 0 0 1
83316 30.0837 2.01203 0 0 6.43333 6.43333 0 0 1
23534 31.9759 1.8922 0 0 6.48333 6.48333 0 0 1
1911 33.7956 1.81972 0 0 6.55 6.55 0 0 1
88964 35.6868 1.89114 0 0 6.6 6.6 0 0 1
1507 37.4497 1.76292 0 0 6.73333 6.73333 0 0 2
118200 39.2141 1.76446 0 0 6.73333 6.73333 0 0 0
84468 40.9733 1.7592 0 0 6.8 6.8 0 0 1
97 42.6414 1.66809 0 0 6.93333 6.93333 0 0 2
35939 44.3269 1.68545 0 0 7.01667 7.01667 0 0 1
52901 45.9635 1.63661 0 0 7.33333 7.33333 0 0 4
2197 47.6868 1.72332 0 0 7.5 7.5 0 0 2
21843 49.2907 1.60387 0 0 7.73333 7.73333 0 0 3
3547 50.8991 1.60846 0 0 7.73333 7.73333 0 0 0
2280 52.4996 1.6005 0 0 7.81667 7.81667 0 0 1
34428 54.2068 1.70716 0 0 7.91667 7.91667 0 0 1
1323 55.7934 1.58659 0 0 8 8 0 0 1
89987 57.3779 1.58448 0 0 8.1 8.1 0 0 1
24561 58.9411 1.56321 0 0 8.38333 8.38333 0 0 3
26945 60.5437 1.6026 0 0 8.7 8.7 0 0 3
18435 62.1077 1.56404 0 0 8.8 8.8 0 0 1
1955 63.6299 1.52213 0 0 9.1 9.1 0 0 3
448 65.1827 1.5528 0 0 9.33333 9.33333 0 0 2
39423 66.7313 1.54865 0 0 9.43333 9.43333 0 0 1
106124 68.2403 1.50902 0 0 9.55 9.55 0 0 1
2683 69.7433 1.50293 0 0 9.9 9.9 0 0 3
1848 71.2918 1.54859 0 0 9.9 9.9 0 0 0
3661 72.8002 1.50835 0 0 10.2333 10.2333 0 0 3
665 74.2505 1.45028 0 0 10.8333 10.8333 0 0 5
87594 75.8628 1.61231 0 0 10.95 10.95 0 0 1
2979 77.3139 1.45106 0 0 11.2 11.2 0 0 2
6010 78.7899 1.47606 0 0 11.6833 11.6833 0 0 4
4072 80.2091 1.41919 0 0 12.1833 12.1833 0 0 4
8805 81.638 1.4289 0 0 12.3167 12.3167 0 0 1
7046 83.0577 1.41969 0 0 12.45 12.45 0 0 1
3905 84.4998 1.44206 0 0 12.5833 12.5833 0 0 1
8500 85.9557 1.45592 0 0 12.7167 12.7167 0 0 1
225 87.4198 1.4641 0 0 13.1333 13.1333 0 0 3
180 88.8251 1.4053 0 0 13.2833 13.2833 0 0 1
53227 90.2302 1.40517 0 0 13.4167 13.4167 0 0 1
